Heimerdinger,6.67,6.65,8.76,33,13,71.74,28.26
Poppy,9.31,7.31,9.31,9,4,69.23,30.77
Ashe,7.51,6.83,10.57,54,27,66.67,33.33
Anivia,6.33,4.57,7.57,13,8,61.9,38.1
Sivir,7.81,5.82,10.34,80,50,61.54,38.46
Yorick,5.15,6.08,9.69,8,5,61.54,38.46
Quinn,9.37,6.95,6.76,25,16,60.98,39.02
Rammus,4.9,6.2,13.63,25,16,60.98,39.02
Malzahar,6.67,5.29,7.38,42,27,60.87,39.13
Akali,11.03,7.57,6.49,21,14,60.0,40.0
Mordekaiser,6.8,6.68,7.76,15,10,60.0,40.0
Janna,1.01,4.38,16.45,77,52,59.69,40.31
Karthus,8.72,8.03,10.48,17,12,58.62,41.38
Katarina,9.94,6.88,8.08,58,41,58.59,41.41
Maokai,4.82,5.3,11.12,45,32,58.44,41.56
Syndra,9.17,8.17,8.0,14,10,58.33,41.67
Zilean,2.58,6.08,9.83,7,5,58.33,41.67
Kennen,6.48,5.84,7.68,18,13,58.06,41.94
Sejuani,5.54,5.46,13.35,73,54,57.48,42.52
Volibear,7.21,5.82,10.82,75,56,57.25,42.75
Nunu,3.7,4.91,11.55,25,19,56.82,43.18
Vladimir,7.21,6.44,7.26,51,39,56.67,43.33
Dr. Mundo,3.73,4.53,8.7,17,13,56.67,43.33
Sion,5.32,5.56,10.44,64,50,56.14,43.86
Master Yi,10.46,7.12,5.46,46,37,55.42,44.58
Orianna,6.66,5.45,11.17,26,21,55.32,44.68
Aatrox,6.24,6.0,7.83,16,13,55.17,44.83
Braum,1.67,6.39,15.95,41,34,54.67,45.33
Vi,6.78,6.2,9.01,60,50,54.55,45.45
Irelia,6.65,5.64,6.72,44,37,54.32,45.68
Nasus,5.75,5.45,7.21,87,74,54.04,45.96
Amumu,5.49,5.79,11.93,86,74,53.75,46.25
Rumble,7.29,5.34,7.15,22,19,53.66,46.34
Zed,9.1,6.59,5.79,77,68,53.1,46.9
Varus,8.44,6.09,9.15,18,16,52.94,47.06
Azir,4.12,6.71,7.82,9,8,52.94,47.06
Lissandra,6.29,8.09,11.16,37,33,52.86,47.14
Fiora,8.64,6.79,4.93,37,33,52.86,47.14
Zac,4.85,3.81,11.13,28,25,52.83,47.17
Annie,6.19,6.64,8.97,105,94,52.76,47.24
Blitzcrank,2.76,6.32,14.19,122,110,52.59,47.41
Shyvana,5.53,5.03,8.78,21,19,52.5,47.5
Cho'Gath,6.82,5.31,7.41,75,68,52.45,47.55
Ziggs,7.24,5.57,8.86,22,20,52.38,47.62
Ahri,7.44,5.88,8.56,78,71,52.35,47.65
Vel'Koz,5.35,6.81,10.02,25,23,52.08,47.92
Xin Zhao,8.43,7.63,8.13,55,51,51.89,48.11
Jinx,8.25,6.51,8.5,177,165,51.75,48.25
Skarner,6.28,6.07,12.55,15,14,51.72,48.28
Jayce,9.0,6.39,9.03,16,15,51.61,48.39
Taric,1.86,6.09,15.03,18,17,51.43,48.57
Xerath,6.98,5.49,9.75,26,25,50.98,49.02
Sona,2.95,6.4,14.2,54,52,50.94,49.06
Gangplank,7.21,6.45,11.0,27,26,50.94,49.06
Ezreal,7.9,5.73,9.23,83,81,50.61,49.39
Wukong,6.88,6.66,8.05,47,46,50.54,49.46
Nami,1.84,5.1,15.66,53,52,50.48,49.52
Udyr,5.5,5.04,7.64,55,54,50.46,49.54
Malphite,4.96,5.21,10.56,59,58,50.43,49.57
Pantheon,8.51,6.73,7.31,50,50,50.0,50.0
Twitch,8.36,7.28,8.11,18,18,50.0,50.0
Draven,7.6,7.22,7.58,44,44,50.0,50.0
Darius,7.25,7.28,6.95,30,30,50.0,50.0
Thresh,2.24,6.47,15.24,131,132,49.81,50.19
Nautilus,3.58,5.93,13.37,62,63,49.6,50.4
Graves,7.81,5.76,7.56,134,137,49.45,50.55
Kalista,8.65,7.04,7.63,41,42,49.4,50.6
Fiddlesticks,5.9,6.8,8.75,30,31,49.18,50.82
Rengar,8.53,7.45,8.43,23,24,48.94,51.06
Warwick,5.69,6.26,9.8,43,45,48.86,51.14
Leona,2.12,6.72,14.41,136,143,48.75,51.25
Teemo,6.82,7.67,7.68,35,37,48.61,51.39
Zyra,4.3,7.09,11.33,16,17,48.48,51.52
Corki,7.41,5.11,7.15,35,38,47.95,52.05
Riven,7.36,6.43,5.65,66,72,47.83,52.17
Galio,4.81,6.62,11.05,10,11,47.62,52.38
Talon,8.81,8.79,7.95,20,22,47.62,52.38
Nidalee,7.58,6.43,6.87,58,64,47.54,52.46
Hecarim,7.71,5.92,8.17,56,63,47.06,52.94
LeBlanc,9.11,6.08,6.79,55,62,47.01,52.99
Gragas,5.38,5.38,9.15,22,25,46.81,53.19
Rek'Sai,6.18,5.47,8.49,21,24,46.67,53.33
Urgot,7.03,7.73,6.97,14,16,46.67,53.33
Caitlyn,6.31,6.16,8.47,94,108,46.53,53.47
Bard,2.1,6.2,13.8,19,22,46.34,53.66
Lux,6.18,6.36,11.1,55,64,46.22,53.78
Olaf,7.27,6.38,7.5,12,14,46.15,53.85
Garen,7.58,5.4,7.06,36,42,46.15,53.85
Cassiopeia,7.73,7.16,7.49,17,20,45.95,54.05
Tryndamere,7.07,7.16,5.77,34,40,45.95,54.05
Vayne,7.95,6.81,6.45,91,109,45.5,54.5
Morgana,3.49,6.31,12.22,105,126,45.45,54.55
Lulu,2.38,5.6,11.81,24,29,45.28,54.72
Trundle,5.48,6.13,9.23,14,17,45.16,54.84
Brand,6.16,6.71,7.86,22,27,44.9,55.1
Shen,4.92,4.89,11.29,17,21,44.74,55.26
Lee Sin,6.75,6.23,9.47,62,77,44.6,55.4
Kog'Maw,6.61,6.67,8.11,8,10,44.44,55.56
Viktor,8.58,8.04,8.85,31,40,43.66,56.34
Lucian,7.05,5.88,7.18,71,92,43.56,56.44
Kayle,4.5,5.75,9.88,17,23,42.5,57.5
Alistar,1.75,6.31,14.36,25,34,42.37,57.63
Yasuo,7.69,8.05,6.22,41,56,42.27,57.73
Jarvan IV,5.3,6.28,11.92,54,74,42.19,57.81
Renekton,5.72,5.7,7.9,21,29,42.0,58.0
Ryze,5.94,6.74,7.61,13,18,41.94,58.06
Diana,8.62,7.15,7.09,46,64,41.82,58.18
Twisted Fate,6.94,7.7,8.81,22,31,41.51,58.49
Soraka,0.83,5.66,14.83,17,24,41.46,58.54
Karma,3.41,6.24,12.0,12,17,41.38,58.62
Swain,8.52,6.84,8.22,26,37,41.27,58.73
Fizz,8.73,6.86,6.22,46,66,41.07,58.93
Singed,5.19,7.11,7.74,11,16,40.74,59.26
Jax,6.71,7.05,5.69,24,35,40.68,59.32
Gnar,4.3,6.53,7.26,17,26,39.53,60.47
Shaco,7.47,7.37,6.27,20,31,39.22,60.78
Veigar,8.45,8.06,10.03,12,19,38.71,61.29
Miss Fortune,8.32,8.57,8.61,17,27,38.64,61.36
Tristana,7.42,5.98,6.33,33,53,38.37,61.63
Evelynn,6.75,6.44,10.75,6,10,37.5,62.5
Nocturne,7.13,5.0,7.43,8,15,34.78,65.22
Kassadin,7.89,6.32,6.89,6,13,31.58,68.42
Kha'Zix,6.12,8.19,7.46,8,18,30.77,69.23
Elise,5.4,6.4,7.9,3,7,30.0,70.0
